read_id	exon_left	exon_left_len	exon_left_start_pos_align	exon_left_end_pos_align	exon_left_read_end_pos_align	exon_right	exon_right_len	exon_right_start_pos_align	exon_right_end_pos_align	read_count	exon_comb_short_rc	exon_right_read_start_pos_align	exon_comb_type	exon_left_miss	exon_right_miss	exon_join	exon_order	gap	exon_exon_gap_corrected
read_00000	1	57	1	57	57	2	168	1	168	1	1-3,16-18	58	1	0	0	1-2	1	0	0
read_00000	2	168	1	168	225	3	130	1	26	1	1-3,16-18	226	1	0	0	2-3	2	0	0
read_00000	3	130	1	26	251	16	101	45	101	1	1-3,16-18	250	0	104	44	3-16	3	-2	0
read_00000	16	101	45	101	306	17	147	1	147	1	1-3,16-18	307	1	0	0	16-17	4	0	0
read_00000	17	147	1	147	453	18	102	1	95	1	1-3,16-18	454	1	0	0	17-18	5	0	0
read_00001	1	57	1	57	57	2	168	1	168	1	1-3,16-18	58	1	0	0	1-2	1	0	0
read_00001	2	168	1	168	227	3	130	1	26	1	1-3,16-18	228	1	0	0	2-3	2	0	0
read_00001	3	130	1	26	253	16	101	45	101	1	1-3,16-18	252	0	104	44	3-16	3	-2	0
read_00001	16	101	45	101	308	17	147	1	147	1	1-3,16-18	309	1	0	0	16-17	4	0	0
read_00001	17	147	1	147	455	18	102	1	99	1	1-3,16-18	456	1	0	0	17-18	5	0	0
read_00002	1	57	1	57	57	2	168	2	168	1	1-3,17-18	59	1	0	1	1-2	1	1	1
read_00002	2	168	2	168	225	3	130	1	89	1	1-3,17-18	226	1	0	0	2-3	2	0	0
read_00002	3	130	1	89	312	17	147	62	147	1	1-3,17-18	310	0	41	61	3-17	3	-3	0
read_00002	17	147	62	147	395	18	102	1	102	1	1-3,17-18	396	1	0	0	17-18	4	0	0
read_00003	1	57	5	57	55	2	168	1	168	1	1-3,16-18	56	1	0	0	1-2	1	0	0
read_00003	2	168	1	168	223	3	130	1	26	1	1-3,16-18	224	1	0	0	2-3	2	0	0
read_00003	3	130	1	26	249	16	101	45	101	1	1-3,16-18	248	0	104	44	3-16	3	-2	0
read_00003	16	101	45	101	304	17	147	1	147	1	1-3,16-18	305	1	0	0	16-17	4	0	0
read_00003	17	147	1	147	451	18	102	1	102	1	1-3,16-18	452	1	0	0	17-18	5	0	0
read_00004	1	57	1	57	57	2	168	1	168	3	1-3,16-18	58	1	0	0	1-2	1	0	0
read_00004	2	168	1	168	225	3	130	1	26	3	1-3,16-18	226	1	0	0	2-3	2	0	0
read_00004	3	130	1	26	251	16	101	45	101	3	1-3,16-18	250	0	104	44	3-16	3	-2	0
read_00004	16	101	45	101	306	17	147	1	147	3	1-3,16-18	307	1	0	0	16-17	4	0	0
read_00004	17	147	1	147	453	18	102	1	97	3	1-3,16-18	454	1	0	0	17-18	5	0	0
read_00005	1	57	2	57	56	2	168	1	168	6	1-3,16-18	57	1	0	0	1-2	1	0	0
read_00005	2	168	1	168	224	3	130	1	26	6	1-3,16-18	225	1	0	0	2-3	2	0	0
read_00005	3	130	1	26	250	16	101	45	101	6	1-3,16-18	249	0	104	44	3-16	3	-2	0
read_00005	16	101	45	101	305	17	147	1	147	6	1-3,16-18	306	1	0	0	16-17	4	0	0
read_00005	17	147	1	147	452	18	102	1	102	6	1-3,16-18	453	1	0	0	17-18	5	0	0
read_00006	1	57	1	57	57	2	168	2	168	1	1-3,17-18	59	1	0	1	1-2	1	1	1
read_00006	2	168	2	168	225	3	130	1	89	1	1-3,17-18	226	1	0	0	2-3	2	0	0
read_00006	3	130	1	89	314	17	147	62	147	1	1-3,17-18	312	0	41	61	3-17	3	-3	0
read_00006	17	147	62	147	397	18	102	1	95	1	1-3,17-18	398	1	0	0	17-18	4	0	0
read_00007	1	57	1	57	57	2	168	1	168	1	1-3,16-18	58	1	0	0	1-2	1	0	0
read_00007	2	168	1	168	225	3	130	1	26	1	1-3,16-18	226	1	0	0	2-3	2	0	0
read_00007	3	130	1	26	251	16	101	45	101	1	1-3,16-18	250	0	104	44	3-16	3	-2	0
read_00007	16	101	45	101	306	17	147	1	147	1	1-3,16-18	307	1	0	0	16-17	4	0	0
read_00007	17	147	1	147	453	18	102	1	102	1	1-3,16-18	454	1	0	0	17-18	5	0	0
read_00008	1	57	3	54	52	2	168	2	168	3	1-3,17-18	57	1	3	1	1-2	1	4	4
read_00008	2	168	2	168	223	3	130	1	89	3	1-3,17-18	224	1	0	0	2-3	2	0	0
read_00008	3	130	1	89	312	17	147	62	147	3	1-3,17-18	310	0	41	61	3-17	3	-3	0
read_00008	17	147	62	147	395	18	102	1	102	3	1-3,17-18	396	1	0	0	17-18	4	0	0
read_00009	1	57	3	57	55	17	147	38	147	1	1,17-18	61	0	0	37	1-17	1	5	5
read_00009	17	147	38	147	170	18	102	1	102	1	1,17-18	171	1	0	0	17-18	2	0	0
read_00010	1	57	1	57	57	2	168	1	168	1	1-5,16-18	58	1	0	0	1-2	1	0	0
read_00010	2	168	1	168	225	3	130	1	130	1	1-5,16-18	226	1	0	0	2-3	2	0	0
read_00010	3	130	1	130	355	4	113	1	113	1	1-5,16-18	356	1	0	0	3-4	3	0	0
read_00010	4	113	1	113	468	5	194	1	99	1	1-5,16-18	469	1	0	0	4-5	4	0	0
read_00010	5	194	1	99	567	16	101	64	94	1	1-5,16-18	567	0	95	63	5-16	5	-1	0
read_00010	16	101	64	94	597	17	147	1	147	1	1-5,16-18	602	1	7	0	16-17	6	4	4
read_00010	17	147	1	147	748	18	102	1	102	1	1-5,16-18	749	1	0	0	17-18	7	0	0
read_00011	1	57	1	57	57	2	168	2	168	1	1-3,17-18	59	1	0	1	1-2	1	1	1
read_00011	2	168	2	168	225	3	130	1	89	1	1-3,17-18	226	1	0	0	2-3	2	0	0
read_00011	3	130	1	89	314	17	147	62	147	1	1-3,17-18	312	0	41	61	3-17	3	-3	0
read_00011	17	147	62	147	397	18	102	1	99	1	1-3,17-18	398	1	0	0	17-18	4	0	0
read_00012	1	57	1	57	57	2	168	1	168	1	1-3,16-18	58	1	0	0	1-2	1	0	0
read_00012	2	168	1	168	225	3	130	1	26	1	1-3,16-18	226	1	0	0	2-3	2	0	0
read_00012	3	130	1	26	251	16	101	45	101	1	1-3,16-18	250	0	104	44	3-16	3	-2	0
read_00012	16	101	45	101	306	17	147	1	147	1	1-3,16-18	307	1	0	0	16-17	4	0	0
read_00012	17	147	1	147	453	18	102	1	97	1	1-3,16-18	454	1	0	0	17-18	5	0	0
read_00013	1	57	1	57	57	2	168	2	168	268	1-3,17-18	59	1	0	1	1-2	1	1	1
read_00013	2	168	2	168	225	3	130	1	89	268	1-3,17-18	226	1	0	0	2-3	2	0	0
read_00013	3	130	1	89	314	17	147	62	147	268	1-3,17-18	312	0	41	61	3-17	3	-3	0
read_00013	17	147	62	147	397	18	102	1	102	268	1-3,17-18	398	1	0	0	17-18	4	0	0
read_00014	1	57	4	57	54	17	147	38	147	1	1,17-18	60	0	0	37	1-17	1	5	5
read_00014	17	147	38	147	169	18	102	1	102	1	1,17-18	170	1	0	0	17-18	2	0	0
read_00015	1	57	2	57	56	2	168	2	168	1	1-3,17-18	58	1	0	1	1-2	1	1	1
read_00015	2	168	2	168	223	3	130	1	89	1	1-3,17-18	224	1	0	0	2-3	2	0	0
read_00015	3	130	1	89	312	17	147	62	147	1	1-3,17-18	310	0	41	61	3-17	3	-3	0
read_00015	17	147	62	147	395	18	102	1	98	1	1-3,17-18	396	1	0	0	17-18	4	0	0
read_00016	1	57	1	57	57	2	168	1	168	1	1-3,16-18	58	1	0	0	1-2	1	0	0
read_00016	2	168	1	168	225	3	130	1	26	1	1-3,16-18	226	1	0	0	2-3	2	0	0
read_00016	3	130	1	26	251	16	101	45	101	1	1-3,16-18	250	0	104	44	3-16	3	-2	0
read_00016	16	101	45	101	306	17	147	1	147	1	1-3,16-18	307	1	0	0	16-17	4	0	0
read_00016	17	147	1	147	452	18	102	1	97	1	1-3,16-18	453	1	0	0	17-18	5	0	0
read_00017	1	57	1	57	57	2	168	1	168	32	1-3,16-18	58	1	0	0	1-2	1	0	0
read_00017	2	168	1	168	225	3	130	1	26	32	1-3,16-18	226	1	0	0	2-3	2	0	0
read_00017	3	130	1	26	251	16	101	45	101	32	1-3,16-18	250	0	104	44	3-16	3	-2	0
read_00017	16	101	45	101	306	17	147	1	147	32	1-3,16-18	307	1	0	0	16-17	4	0	0
read_00017	17	147	1	147	453	18	102	1	99	32	1-3,16-18	454	1	0	0	17-18	5	0	0
read_00018	1	57	1	57	57	2	168	1	79	1	1-2,18	58	1	0	0	1-2	1	0	0
read_00018	2	168	1	79	136	18	102	13	97	1	1-2,18	137	0	89	12	2-18	2	0	0
read_00019	1	57	1	54	54	2	168	2	168	3	1-3,17-18	59	1	3	1	1-2	1	4	4
read_00019	2	168	2	168	225	3	130	1	89	3	1-3,17-18	226	1	0	0	2-3	2	0	0
read_00019	3	130	1	89	314	17	147	62	147	3	1-3,17-18	312	0	41	61	3-17	3	-3	0
read_00019	17	147	62	147	397	18	102	1	97	3	1-3,17-18	398	1	0	0	17-18	4	0	0
read_00020	1	57	1	57	57	2	168	1	168	1	1-5,16-18	58	1	0	0	1-2	1	0	0
read_00020	2	168	1	168	225	3	130	1	130	1	1-5,16-18	226	1	0	0	2-3	2	0	0
read_00020	3	130	1	130	355	4	113	1	113	1	1-5,16-18	356	1	0	0	3-4	3	0	0
read_00020	4	113	1	113	468	5	194	1	99	1	1-5,16-18	469	1	0	0	4-5	4	0	0
read_00020	5	194	1	99	567	16	101	64	101	1	1-5,16-18	567	0	95	63	5-16	5	-1	0
read_00020	16	101	64	101	604	17	147	1	147	1	1-5,16-18	605	1	0	0	16-17	6	0	0
read_00020	17	147	1	147	751	18	102	1	102	1	1-5,16-18	752	1	0	0	17-18	7	0	0
read_00021	1	57	1	57	57	2	168	1	168	1	1-3,16-18	58	1	0	0	1-2	1	0	0
read_00021	2	168	1	168	225	3	130	1	26	1	1-3,16-18	226	1	0	0	2-3	2	0	0
read_00021	3	130	1	26	251	16	101	45	101	1	1-3,16-18	250	0	104	44	3-16	3	-2	0
read_00021	16	101	45	101	306	17	147	1	147	1	1-3,16-18	307	1	0	0	16-17	4	0	0
read_00021	17	147	1	147	453	18	102	1	97	1	1-3,16-18	454	1	0	0	17-18	5	0	0
read_00022	1	57	5	57	53	2	168	1	168	1	1-2,16-18	54	1	0	0	1-2	1	0	0
read_00022	2	168	1	168	221	16	101	45	101	1	1-2,16-18	246	0	0	44	2-16	2	24	24
read_00022	16	101	45	101	302	17	147	1	147	1	1-2,16-18	303	1	0	0	16-17	3	0	0
read_00022	17	147	1	147	449	18	102	1	99	1	1-2,16-18	450	1	0	0	17-18	4	0	0
read_00024	1	57	1	57	57	17	147	38	147	1	1,17-18	63	0	0	37	1-17	1	5	5
read_00024	17	147	38	147	172	18	102	1	102	1	1,17-18	173	1	0	0	17-18	2	0	0
read_00026	1	57	1	57	57	2	168	1	168	1	1-3,16-18	58	1	0	0	1-2	1	0	0
read_00026	2	168	1	168	225	3	130	1	26	1	1-3,16-18	226	1	0	0	2-3	2	0	0
read_00026	3	130	1	26	251	16	101	45	101	1	1-3,16-18	250	0	104	44	3-16	3	-2	0
read_00026	16	101	45	101	306	17	147	1	147	1	1-3,16-18	307	1	0	0	16-17	4	0	0
read_00026	17	147	1	147	453	18	102	1	99	1	1-3,16-18	454	1	0	0	17-18	5	0	0
read_00027	1	57	1	57	57	2	168	1	168	4	1-3,16-18	58	1	0	0	1-2	1	0	0
read_00027	2	168	1	168	225	3	130	1	26	4	1-3,16-18	226	1	0	0	2-3	2	0	0
read_00027	3	130	1	26	251	16	101	45	101	4	1-3,16-18	250	0	104	44	3-16	3	-2	0
read_00027	16	101	45	101	306	17	147	1	147	4	1-3,16-18	307	1	0	0	16-17	4	0	0
read_00027	17	147	1	147	453	18	102	1	101	4	1-3,16-18	454	1	0	0	17-18	5	0	0
read_00028	1	57	1	54	54	2	168	2	168	1	1-3,17-18	59	1	3	1	1-2	1	4	4
read_00028	2	168	2	168	225	3	130	1	89	1	1-3,17-18	226	1	0	0	2-3	2	0	0
read_00028	3	130	1	89	314	17	147	62	147	1	1-3,17-18	312	0	41	61	3-17	3	-3	0
read_00028	17	147	62	147	397	18	102	1	102	1	1-3,17-18	398	1	0	0	17-18	4	0	0
read_00029	1	57	1	57	57	2	168	1	168	1	1-3,16-18	58	1	0	0	1-2	1	0	0
read_00029	2	168	1	168	225	3	130	1	26	1	1-3,16-18	226	1	0	0	2-3	2	0	0
read_00029	3	130	1	26	251	16	101	45	101	1	1-3,16-18	250	0	104	44	3-16	3	-2	0
read_00029	16	101	45	101	306	17	147	1	147	1	1-3,16-18	307	1	0	0	16-17	4	0	0
read_00029	17	147	1	147	453	18	102	1	100	1	1-3,16-18	454	1	0	0	17-18	5	0	0
read_00030	1	57	1	54	54	2	168	2	168	1	1-3,17-18	59	1	3	1	1-2	1	4	4
read_00030	2	168	2	168	223	3	130	1	89	1	1-3,17-18	224	1	0	0	2-3	2	0	0
read_00030	3	130	1	89	312	17	147	62	147	1	1-3,17-18	310	0	41	61	3-17	3	-3	0
read_00030	17	147	62	147	396	18	102	1	99	1	1-3,17-18	397	1	0	0	17-18	4	0	0
read_00031	1	57	1	57	57	2	168	1	168	1	1-3,16-18	58	1	0	0	1-2	1	0	0
read_00031	2	168	1	168	223	3	130	1	26	1	1-3,16-18	224	1	0	0	2-3	2	0	0
read_00031	3	130	1	26	249	16	101	45	101	1	1-3,16-18	248	0	104	44	3-16	3	-2	0
read_00031	16	101	45	101	304	17	147	1	147	1	1-3,16-18	305	1	0	0	16-17	4	0	0
read_00031	17	147	1	147	451	18	102	1	102	1	1-3,16-18	452	1	0	0	17-18	5	0	0
read_00032	1	57	1	57	57	2	168	1	168	4	1-3,16-18	58	1	0	0	1-2	1	0	0
read_00032	2	168	1	168	225	3	130	1	26	4	1-3,16-18	226	1	0	0	2-3	2	0	0
read_00032	3	130	1	26	251	16	101	45	101	4	1-3,16-18	250	0	104	44	3-16	3	-2	0
read_00032	16	101	45	101	306	17	147	1	147	4	1-3,16-18	307	1	0	0	16-17	4	0	0
read_00032	17	147	1	147	450	18	102	1	102	4	1-3,16-18	451	1	0	0	17-18	5	0	0
read_00033	1	57	1	57	57	2	168	2	168	7	1-3,17-18	59	1	0	1	1-2	1	1	1
read_00033	2	168	2	168	225	3	130	1	89	7	1-3,17-18	226	1	0	0	2-3	2	0	0
read_00033	3	130	1	89	314	17	147	62	147	7	1-3,17-18	312	0	41	61	3-17	3	-3	0
read_00033	17	147	62	147	397	18	102	1	101	7	1-3,17-18	398	1	0	0	17-18	4	0	0
read_00034	1	57	1	57	57	2	168	1	168	1	1-3,16-18	58	1	0	0	1-2	1	0	0
read_00034	2	168	1	168	225	3	130	1	26	1	1-3,16-18	226	1	0	0	2-3	2	0	0
read_00034	3	130	1	26	251	16	101	45	101	1	1-3,16-18	250	0	104	44	3-16	3	-2	0
read_00034	16	101	45	101	306	17	147	1	147	1	1-3,16-18	307	1	0	0	16-17	4	0	0
read_00034	17	147	1	147	453	18	102	1	102	1	1-3,16-18	454	1	0	0	17-18	5	0	0
read_00035	1	57	1	54	54	2	168	2	168	1	1-3,17-18	59	1	3	1	1-2	1	4	4
read_00035	2	168	2	168	225	3	130	1	89	1	1-3,17-18	226	1	0	0	2-3	2	0	0
read_00035	3	130	1	89	314	17	147	62	147	1	1-3,17-18	312	0	41	61	3-17	3	-3	0
read_00035	17	147	62	147	397	18	102	1	102	1	1-3,17-18	398	1	0	0	17-18	4	0	0
read_00036	1	57	2	57	56	2	168	1	168	1	1-3,16-18	57	1	0	0	1-2	1	0	0
read_00036	2	168	1	168	224	3	130	1	26	1	1-3,16-18	225	1	0	0	2-3	2	0	0
read_00036	3	130	1	26	250	16	101	45	101	1	1-3,16-18	249	0	104	44	3-16	3	-2	0
read_00036	16	101	45	101	305	17	147	1	147	1	1-3,16-18	306	1	0	0	16-17	4	0	0
read_00036	17	147	1	147	452	18	102	1	102	1	1-3,16-18	453	1	0	0	17-18	5	0	0
read_00037	1	57	3	57	55	2	168	2	168	1	1-3,17-18	57	1	0	1	1-2	1	1	1
read_00037	2	168	2	168	223	3	130	1	89	1	1-3,17-18	224	1	0	0	2-3	2	0	0
read_00037	3	130	1	89	312	17	147	62	147	1	1-3,17-18	310	0	41	61	3-17	3	-3	0
read_00037	17	147	62	147	395	18	102	1	97	1	1-3,17-18	396	1	0	0	17-18	4	0	0
read_00038	1	57	1	57	57	2	168	1	168	1	1-3,16-18	58	1	0	0	1-2	1	0	0
read_00038	2	168	1	168	225	3	130	1	26	1	1-3,16-18	226	1	0	0	2-3	2	0	0
read_00038	3	130	1	26	251	16	101	45	101	1	1-3,16-18	250	0	104	44	3-16	3	-2	0
read_00038	16	101	45	101	306	17	147	1	147	1	1-3,16-18	307	1	0	0	16-17	4	0	0
read_00038	17	147	1	147	453	18	102	1	102	1	1-3,16-18	454	1	0	0	17-18	5	0	0
read_00039	1	57	1	57	57	17	147	38	147	1	1,17-18	63	0	0	37	1-17	1	5	5
read_00039	17	147	38	147	172	18	102	1	101	1	1,17-18	173	1	0	0	17-18	2	0	0
read_00040	1	57	1	57	57	2	168	1	79	1	1-2,18	58	1	0	0	1-2	1	0	0
read_00040	2	168	1	79	136	18	102	13	102	1	1-2,18	137	0	89	12	2-18	2	0	0
read_00041	1	57	1	57	57	2	168	1	168	1	1-3,16-18	58	1	0	0	1-2	1	0	0
read_00041	2	168	1	168	225	3	130	1	26	1	1-3,16-18	226	1	0	0	2-3	2	0	0
read_00041	3	130	1	26	251	16	101	45	101	1	1-3,16-18	250	0	104	44	3-16	3	-2	0
read_00041	16	101	45	101	306	17	147	1	147	1	1-3,16-18	307	1	0	0	16-17	4	0	0
read_00041	17	147	1	147	453	18	102	1	99	1	1-3,16-18	454	1	0	0	17-18	5	0	0
read_00042	1	57	3	54	52	2	168	2	168	1	1-3,17-18	57	1	3	1	1-2	1	4	4
read_00042	2	168	2	168	223	3	130	1	89	1	1-3,17-18	224	1	0	0	2-3	2	0	0
read_00042	3	130	1	89	312	17	147	62	147	1	1-3,17-18	310	0	41	61	3-17	3	-3	0
read_00042	17	147	62	147	395	18	102	1	102	1	1-3,17-18	396	1	0	0	17-18	4	0	0
read_00043	1	57	1	57	57	2	168	2	168	1	1-3,17-18	59	1	0	1	1-2	1	1	1
read_00043	2	168	2	168	225	3	130	1	89	1	1-3,17-18	226	1	0	0	2-3	2	0	0
read_00043	3	130	1	89	314	17	147	62	147	1	1-3,17-18	312	0	41	61	3-17	3	-3	0
read_00043	17	147	62	147	397	18	102	1	99	1	1-3,17-18	398	1	0	0	17-18	4	0	0
read_00044	1	57	1	57	57	2	168	2	168	1	1-3,17-18	59	1	0	1	1-2	1	1	1
read_00044	2	168	2	168	223	3	130	1	89	1	1-3,17-18	224	1	0	0	2-3	2	0	0
read_00044	3	130	1	89	312	17	147	62	147	1	1-3,17-18	310	0	41	61	3-17	3	-3	0
read_00044	17	147	62	147	395	18	102	1	97	1	1-3,17-18	396	1	0	0	17-18	4	0	0
read_00045	1	57	1	57	57	1	57	1	57	1	1-2,18,1-3,16-18	227	0	0	0	1-1	1	169	169
read_00045	1	57	1	57	283	2	168	1	79	1	1-2,18,1-3,16-18	58	1	0	0	1-2	2	-226	0
read_00045	2	168	1	79	136	2	168	1	168	1	1-2,18,1-3,16-18	284	0	89	0	2-2	3	147	147
read_00045	2	168	1	168	451	3	130	1	26	1	1-2,18,1-3,16-18	452	1	0	0	2-3	4	0	0
read_00045	3	130	1	26	477	16	101	45	101	1	1-2,18,1-3,16-18	476	0	104	44	3-16	5	-2	0
read_00045	16	101	45	101	532	17	147	1	147	1	1-2,18,1-3,16-18	533	1	0	0	16-17	6	0	0
read_00045	17	147	1	147	679	18	102	13	102	1	1-2,18,1-3,16-18	137	1	0	12	17-18	7	-543	0
read_00045	18	102	13	102	226	18	102	1	102	1	1-2,18,1-3,16-18	680	0	0	0	18-18	8	453	453
read_00046	1	57	1	57	57	2	168	1	168	1	1-3,16-18	58	1	0	0	1-2	1	0	0
read_00046	2	168	1	168	225	3	130	1	26	1	1-3,16-18	226	1	0	0	2-3	2	0	0
read_00046	3	130	1	26	251	16	101	45	101	1	1-3,16-18	250	0	104	44	3-16	3	-2	0
read_00046	16	101	45	101	306	17	147	1	147	1	1-3,16-18	307	1	0	0	16-17	4	0	0
read_00046	17	147	1	147	453	18	102	1	102	1	1-3,16-18	454	1	0	0	17-18	5	0	0
read_00047	1	57	1	57	57	2	168	1	168	1	1-3,16-18	58	1	0	0	1-2	1	0	0
read_00047	2	168	1	168	225	3	130	1	26	1	1-3,16-18	226	1	0	0	2-3	2	0	0
read_00047	3	130	1	26	251	16	101	45	101	1	1-3,16-18	250	0	104	44	3-16	3	-2	0
read_00047	16	101	45	101	306	17	147	1	147	1	1-3,16-18	307	1	0	0	16-17	4	0	0
read_00047	17	147	1	147	453	18	102	1	99	1	1-3,16-18	454	1	0	0	17-18	5	0	0
read_00048	1	57	1	57	57	2	168	2	168	1	1-3,17-18	59	1	0	1	1-2	1	1	1
read_00048	2	168	2	168	225	3	130	1	89	1	1-3,17-18	226	1	0	0	2-3	2	0	0
read_00048	3	130	1	89	314	17	147	62	147	1	1-3,17-18	312	0	41	61	3-17	3	-3	0
read_00048	17	147	62	147	397	18	102	1	102	1	1-3,17-18	398	1	0	0	17-18	4	0	0
read_00049	1	57	1	57	57	2	168	1	168	1	1-3,16-18	58	1	0	0	1-2	1	0	0
read_00049	2	168	1	168	225	3	130	1	26	1	1-3,16-18	226	1	0	0	2-3	2	0	0
read_00049	3	130	1	26	251	16	101	45	101	1	1-3,16-18	250	0	104	44	3-16	3	-2	0
read_00049	16	101	45	101	306	17	147	1	147	1	1-3,16-18	307	1	0	0	16-17	4	0	0
read_00049	17	147	1	147	453	18	102	1	97	1	1-3,16-18	454	1	0	0	17-18	5	0	0
read_00050	1	57	1	54	54	2	168	2	168	2	1-3,17-18	59	1	3	1	1-2	1	4	4
read_00050	2	168	2	168	225	3	130	1	89	2	1-3,17-18	226	1	0	0	2-3	2	0	0
read_00050	3	130	1	89	314	17	147	62	147	2	1-3,17-18	312	0	41	61	3-17	3	-3	0
read_00050	17	147	62	147	397	18	102	1	101	2	1-3,17-18	398	1	0	0	17-18	4	0	0
read_00051	1	57	1	57	57	2	168	2	168	1	1-3,17-18	59	1	0	1	1-2	1	1	1
read_00051	2	168	2	168	225	3	130	1	89	1	1-3,17-18	226	1	0	0	2-3	2	0	0
read_00051	3	130	1	89	314	17	147	62	147	1	1-3,17-18	312	0	41	61	3-17	3	-3	0
read_00051	17	147	62	147	397	18	102	1	102	1	1-3,17-18	398	1	0	0	17-18	4	0	0
read_00052	1	57	2	57	56	17	147	38	147	1	1,17-18	62	0	0	37	1-17	1	5	5
read_00052	17	147	38	147	171	18	102	1	99	1	1,17-18	172	1	0	0	17-18	2	0	0
read_00053	1	57	1	57	57	2	168	1	168	1	1-3,16-18	58	1	0	0	1-2	1	0	0
read_00053	2	168	1	168	225	3	130	1	26	1	1-3,16-18	226	1	0	0	2-3	2	0	0
read_00053	3	130	1	26	251	16	101	45	101	1	1-3,16-18	250	0	104	44	3-16	3	-2	0
read_00053	16	101	45	101	307	17	147	1	147	1	1-3,16-18	308	1	0	0	16-17	4	0	0
read_00053	17	147	1	147	454	18	102	1	102	1	1-3,16-18	455	1	0	0	17-18	5	0	0
read_00054	1	57	3	54	53	2	168	2	168	1	1-3,17-18	58	1	3	1	1-2	1	4	4
read_00054	2	168	2	168	224	3	130	1	89	1	1-3,17-18	225	1	0	0	2-3	2	0	0
read_00054	3	130	1	89	313	17	147	62	147	1	1-3,17-18	311	0	41	61	3-17	3	-3	0
read_00054	17	147	62	147	396	18	102	1	102	1	1-3,17-18	397	1	0	0	17-18	4	0	0
read_00055	1	57	1	57	57	2	168	1	79	1	1-2,18	58	1	0	0	1-2	1	0	0
read_00055	2	168	1	79	136	18	102	13	99	1	1-2,18	137	0	89	12	2-18	2	0	0
read_00056	1	57	3	57	56	2	168	2	168	1	1-3,17-18	58	1	0	1	1-2	1	1	1
read_00056	2	168	2	168	224	3	130	1	89	1	1-3,17-18	225	1	0	0	2-3	2	0	0
read_00056	3	130	1	89	313	17	147	62	147	1	1-3,17-18	311	0	41	61	3-17	3	-3	0
read_00056	17	147	62	147	396	18	102	1	99	1	1-3,17-18	397	1	0	0	17-18	4	0	0
read_00057	1	57	1	57	57	1	57	1	57	1	1-3,17-18,1-3,17-18	500	0	0	0	1-1	1	442	442
read_00057	1	57	1	57	556	2	168	2	168	1	1-3,17-18,1-3,17-18	59	1	0	1	1-2	2	-498	0
read_00057	2	168	2	168	225	2	168	2	168	1	1-3,17-18,1-3,17-18	558	0	0	1	2-2	3	332	332
read_00057	2	168	2	168	724	3	130	1	89	1	1-3,17-18,1-3,17-18	226	1	0	0	2-3	4	-499	0
read_00057	3	130	1	89	314	3	130	1	89	1	1-3,17-18,1-3,17-18	725	0	41	0	3-3	5	410	410
read_00057	3	130	1	89	813	17	147	62	147	1	1-3,17-18,1-3,17-18	312	0	41	61	3-17	6	-502	0
read_00057	17	147	62	147	397	17	147	62	147	1	1-3,17-18,1-3,17-18	811	0	0	61	17-17	7	413	413
read_00057	17	147	62	147	896	18	102	1	102	1	1-3,17-18,1-3,17-18	398	1	0	0	17-18	8	-499	0
read_00057	18	102	1	102	499	18	102	1	102	1	1-3,17-18,1-3,17-18	897	0	0	0	18-18	9	397	397
read_00058	1	57	1	57	57	2	168	1	168	1	1-3,16-18	58	1	0	0	1-2	1	0	0
read_00058	2	168	1	168	225	3	130	1	26	1	1-3,16-18	226	1	0	0	2-3	2	0	0
read_00058	3	130	1	26	251	16	101	45	101	1	1-3,16-18	250	0	104	44	3-16	3	-2	0
read_00058	16	101	45	101	306	17	147	1	147	1	1-3,16-18	307	1	0	0	16-17	4	0	0
read_00058	17	147	1	147	453	18	102	1	99	1	1-3,16-18	454	1	0	0	17-18	5	0	0
read_00059	1	57	1	57	57	17	147	38	147	1	1,17-18	63	0	0	37	1-17	1	5	5
read_00059	17	147	38	147	172	18	102	1	102	1	1,17-18	173	1	0	0	17-18	2	0	0
read_00060	1	57	1	57	57	2	168	1	168	1	1-3,16-18	58	1	0	0	1-2	1	0	0
read_00060	2	168	1	168	225	3	130	1	26	1	1-3,16-18	226	1	0	0	2-3	2	0	0
read_00060	3	130	1	26	251	16	101	45	101	1	1-3,16-18	250	0	104	44	3-16	3	-2	0
read_00060	16	101	45	101	306	17	147	1	147	1	1-3,16-18	307	1	0	0	16-17	4	0	0
read_00060	17	147	1	147	453	18	102	1	102	1	1-3,16-18	454	1	0	0	17-18	5	0	0
read_00061	1	57	1	54	54	2	168	2	168	3	1-3,17-18	59	1	3	1	1-2	1	4	4
read_00061	2	168	2	168	225	3	130	1	89	3	1-3,17-18	226	1	0	0	2-3	2	0	0
read_00061	3	130	1	89	314	17	147	62	147	3	1-3,17-18	312	0	41	61	3-17	3	-3	0
read_00061	17	147	62	147	397	18	102	1	97	3	1-3,17-18	398	1	0	0	17-18	4	0	0
read_00063	1	57	1	57	57	1	57	1	57	1	1-3,17-18,1-3,16-18	500	0	0	0	1-1	1	442	442
read_00063	1	57	1	57	556	2	168	2	168	1	1-3,17-18,1-3,16-18	59	1	0	1	1-2	2	-498	0
read_00063	2	168	2	168	225	2	168	1	168	1	1-3,17-18,1-3,16-18	557	0	0	0	2-2	3	331	331
read_00063	2	168	1	168	724	3	130	1	89	1	1-3,17-18,1-3,16-18	226	1	0	0	2-3	4	-499	0
read_00063	3	130	1	89	314	3	130	1	26	1	1-3,17-18,1-3,16-18	725	0	41	0	3-3	5	410	410
read_00063	3	130	1	26	750	16	101	45	101	1	1-3,17-18,1-3,16-18	749	0	104	44	3-16	6	-2	0
read_00063	16	101	45	101	805	17	147	62	147	1	1-3,17-18,1-3,16-18	312	1	0	61	16-17	7	-494	0
read_00063	17	147	62	147	397	17	147	1	147	1	1-3,17-18,1-3,16-18	806	0	0	0	17-17	8	408	408
read_00063	17	147	1	147	952	18	102	1	102	1	1-3,17-18,1-3,16-18	398	1	0	0	17-18	9	-555	0
read_00063	18	102	1	102	499	18	102	1	99	1	1-3,17-18,1-3,16-18	953	0	0	0	18-18	10	453	453
read_00064	1	57	1	57	57	2	168	1	168	1	1-3,16-18	58	1	0	0	1-2	1	0	0
read_00064	2	168	1	168	225	3	130	1	26	1	1-3,16-18	226	1	0	0	2-3	2	0	0
read_00064	3	130	1	26	251	16	101	45	101	1	1-3,16-18	250	0	104	44	3-16	3	-2	0
read_00064	16	101	45	101	306	17	147	1	147	1	1-3,16-18	307	1	0	0	16-17	4	0	0
read_00064	17	147	1	147	453	18	102	1	102	1	1-3,16-18	454	1	0	0	17-18	5	0	0
read_00065	1	57	1	57	57	2	168	2	168	1	1-3,17-18	59	1	0	1	1-2	1	1	1
read_00065	2	168	2	168	225	3	130	1	89	1	1-3,17-18	226	1	0	0	2-3	2	0	0
read_00065	3	130	1	89	316	17	147	62	147	1	1-3,17-18	314	0	41	61	3-17	3	-3	0
read_00065	17	147	62	147	399	18	102	1	99	1	1-3,17-18	400	1	0	0	17-18	4	0	0
read_00066	1	57	1	57	57	2	168	1	168	1	1-3,16-18	58	1	0	0	1-2	1	0	0
read_00066	2	168	1	168	225	3	130	1	26	1	1-3,16-18	226	1	0	0	2-3	2	0	0
read_00066	3	130	1	26	251	16	101	45	101	1	1-3,16-18	250	0	104	44	3-16	3	-2	0
read_00066	16	101	45	101	306	17	147	1	147	1	1-3,16-18	307	1	0	0	16-17	4	0	0
read_00066	17	147	1	147	453	18	102	1	102	1	1-3,16-18	454	1	0	0	17-18	5	0	0
read_00067	1	57	1	57	57	2	168	2	168	1	1-3,17-18	59	1	0	1	1-2	1	1	1
read_00067	2	168	2	168	225	3	130	1	89	1	1-3,17-18	226	1	0	0	2-3	2	0	0
read_00067	3	130	1	89	314	17	147	62	147	1	1-3,17-18	312	0	41	61	3-17	3	-3	0
read_00067	17	147	62	147	398	18	102	1	102	1	1-3,17-18	399	1	0	0	17-18	4	0	0
read_00068	1	57	1	57	57	2	168	2	168	1	1-3,17-18	59	1	0	1	1-2	1	1	1
read_00068	2	168	2	168	225	3	130	1	89	1	1-3,17-18	226	1	0	0	2-3	2	0	0
read_00068	3	130	1	89	314	17	147	62	147	1	1-3,17-18	312	0	41	61	3-17	3	-3	0
read_00068	17	147	62	147	398	18	102	1	102	1	1-3,17-18	399	1	0	0	17-18	4	0	0
read_00069	1	57	4	57	54	2	168	1	168	1	1-3,16-18	55	1	0	0	1-2	1	0	0
read_00069	2	168	1	168	222	3	130	1	26	1	1-3,16-18	223	1	0	0	2-3	2	0	0
read_00069	3	130	1	26	248	16	101	45	94	1	1-3,16-18	247	0	104	44	3-16	3	-2	0
read_00069	16	101	45	94	296	17	147	1	147	1	1-3,16-18	301	1	7	0	16-17	4	4	4
read_00069	17	147	1	147	447	18	102	1	101	1	1-3,16-18	448	1	0	0	17-18	5	0	0
read_00070	1	57	1	57	57	2	168	2	168	1	1-3,17-18	59	1	0	1	1-2	1	1	1
read_00070	2	168	2	168	225	3	130	1	89	1	1-3,17-18	226	1	0	0	2-3	2	0	0
read_00070	3	130	1	89	314	17	147	62	147	1	1-3,17-18	312	0	41	61	3-17	3	-3	0
read_00070	17	147	62	147	397	18	102	1	102	1	1-3,17-18	398	1	0	0	17-18	4	0	0
read_00071	1	57	1	57	57	2	168	1	79	1	1-2,18	58	1	0	0	1-2	1	0	0
read_00071	2	168	1	79	136	18	102	13	95	1	1-2,18	137	0	89	12	2-18	2	0	0
read_00072	1	57	4	57	54	2	168	1	79	4	1-2,18	55	1	0	0	1-2	1	0	0
read_00072	2	168	1	79	133	18	102	13	102	4	1-2,18	134	0	89	12	2-18	2	0	0
read_00073	1	57	1	57	57	2	168	2	168	1	1-3,17-18	59	1	0	1	1-2	1	1	1
read_00073	2	168	2	168	225	3	130	1	89	1	1-3,17-18	226	1	0	0	2-3	2	0	0
read_00073	3	130	1	89	314	17	147	62	147	1	1-3,17-18	312	0	41	61	3-17	3	-3	0
read_00073	17	147	62	147	397	18	102	1	96	1	1-3,17-18	398	1	0	0	17-18	4	0	0
read_00074	1	57	2	57	56	2	168	2	168	1	1-3,17-18	58	1	0	1	1-2	1	1	1
read_00074	2	168	2	168	224	3	130	1	89	1	1-3,17-18	225	1	0	0	2-3	2	0	0
read_00074	3	130	1	89	313	17	147	62	147	1	1-3,17-18	311	0	41	61	3-17	3	-3	0
read_00074	17	147	62	147	396	18	102	1	102	1	1-3,17-18	397	1	0	0	17-18	4	0	0
read_00075	1	57	1	57	57	2	168	2	168	1	1-3,17-18	59	1	0	1	1-2	1	1	1
read_00075	2	168	2	168	225	3	130	1	89	1	1-3,17-18	226	1	0	0	2-3	2	0	0
read_00075	3	130	1	89	314	17	147	62	147	1	1-3,17-18	312	0	41	61	3-17	3	-3	0
read_00075	17	147	62	147	397	18	102	1	102	1	1-3,17-18	398	1	0	0	17-18	4	0	0
read_00076	1	57	1	57	57	17	147	38	147	1	1,17-18	63	0	0	37	1-17	1	5	5
read_00076	17	147	38	147	172	18	102	1	97	1	1,17-18	173	1	0	0	17-18	2	0	0
read_00077	1	57	3	57	55	2	168	2	168	4	1-3,17-18	57	1	0	1	1-2	1	1	1
read_00077	2	168	2	168	223	3	130	1	89	4	1-3,17-18	224	1	0	0	2-3	2	0	0
read_00077	3	130	1	89	312	17	147	62	147	4	1-3,17-18	310	0	41	61	3-17	3	-3	0
read_00077	17	147	62	147	395	18	102	1	102	4	1-3,17-18	396	1	0	0	17-18	4	0	0
read_00078	1	57	1	57	57	2	168	1	79	7	1-2,18	58	1	0	0	1-2	1	0	0
read_00078	2	168	1	79	136	18	102	13	99	7	1-2,18	137	0	89	12	2-18	2	0	0
read_00079	1	57	1	57	57	2	168	1	168	2	1-5,16-18	58	1	0	0	1-2	1	0	0
read_00079	2	168	1	168	225	3	130	1	130	2	1-5,16-18	226	1	0	0	2-3	2	0	0
read_00079	3	130	1	130	355	4	113	1	113	2	1-5,16-18	356	1	0	0	3-4	3	0	0
read_00079	4	113	1	113	468	5	194	1	99	2	1-5,16-18	469	1	0	0	4-5	4	0	0
read_00079	5	194	1	99	567	16	101	64	101	2	1-5,16-18	567	0	95	63	5-16	5	-1	0
read_00079	16	101	64	101	604	17	147	1	147	2	1-5,16-18	605	1	0	0	16-17	6	0	0
read_00079	17	147	1	147	751	18	102	1	102	2	1-5,16-18	752	1	0	0	17-18	7	0	0
read_00080	1	57	1	57	57	17	147	38	147	1	1,17-18	63	0	0	37	1-17	1	5	5
read_00080	17	147	38	147	172	18	102	1	102	1	1,17-18	173	1	0	0	17-18	2	0	0
read_00081	1	57	1	57	57	2	168	2	168	1	1-3,17-18	59	1	0	1	1-2	1	1	1
read_00081	2	168	2	168	226	3	130	1	89	1	1-3,17-18	227	1	0	0	2-3	2	0	0
read_00081	3	130	1	89	315	17	147	62	147	1	1-3,17-18	313	0	41	61	3-17	3	-3	0
read_00081	17	147	62	147	398	18	102	1	102	1	1-3,17-18	399	1	0	0	17-18	4	0	0
read_00082	1	57	1	57	57	2	168	1	168	1	1-3,16-18	58	1	0	0	1-2	1	0	0
read_00082	2	168	1	168	225	3	130	1	25	1	1-3,16-18	226	1	0	0	2-3	2	0	0
read_00082	3	130	1	25	250	16	101	47	101	1	1-3,16-18	252	0	105	46	3-16	3	1	1
read_00082	16	101	47	101	306	17	147	1	147	1	1-3,16-18	307	1	0	0	16-17	4	0	0
read_00082	17	147	1	147	453	18	102	1	99	1	1-3,16-18	454	1	0	0	17-18	5	0	0
read_00083	1	57	1	57	57	2	168	1	168	1	1-3,16-18	58	1	0	0	1-2	1	0	0
read_00083	2	168	1	168	225	3	130	1	26	1	1-3,16-18	226	1	0	0	2-3	2	0	0
read_00083	3	130	1	26	251	16	101	45	94	1	1-3,16-18	250	0	104	44	3-16	3	-2	0
read_00083	16	101	45	94	299	17	147	1	147	1	1-3,16-18	304	1	7	0	16-17	4	4	4
read_00083	17	147	1	147	450	18	102	1	97	1	1-3,16-18	451	1	0	0	17-18	5	0	0
read_00084	1	57	3	57	55	2	168	1	79	1	1-2,18	56	1	0	0	1-2	1	0	0
read_00084	2	168	1	79	134	18	102	13	102	1	1-2,18	135	0	89	12	2-18	2	0	0
read_00085	1	57	1	54	54	2	168	2	168	1	1-3,16-18	59	1	3	1	1-2	1	4	4
read_00085	2	168	2	168	225	3	130	1	26	1	1-3,16-18	226	1	0	0	2-3	2	0	0
read_00085	3	130	1	26	251	16	101	45	101	1	1-3,16-18	250	0	104	44	3-16	3	-2	0
read_00085	16	101	45	101	306	17	147	1	147	1	1-3,16-18	307	1	0	0	16-17	4	0	0
read_00085	17	147	1	147	453	18	102	1	99	1	1-3,16-18	454	1	0	0	17-18	5	0	0
read_00086	1	57	1	57	57	2	168	1	168	1	1-3,16-18	58	1	0	0	1-2	1	0	0
read_00086	2	168	1	168	225	3	130	1	26	1	1-3,16-18	226	1	0	0	2-3	2	0	0
read_00086	3	130	1	26	251	16	101	45	101	1	1-3,16-18	250	0	104	44	3-16	3	-2	0
read_00086	16	101	45	101	308	17	147	1	147	1	1-3,16-18	309	1	0	0	16-17	4	0	0
read_00086	17	147	1	147	455	18	102	1	102	1	1-3,16-18	456	1	0	0	17-18	5	0	0
read_00087	1	57	2	57	56	2	168	2	168	1	1-3,17-18	58	1	0	1	1-2	1	1	1
read_00087	2	168	2	168	224	3	130	1	89	1	1-3,17-18	225	1	0	0	2-3	2	0	0
read_00087	3	130	1	89	313	17	147	62	147	1	1-3,17-18	311	0	41	61	3-17	3	-3	0
read_00087	17	147	62	147	396	18	102	1	97	1	1-3,17-18	397	1	0	0	17-18	4	0	0
read_00088	1	57	1	57	57	2	168	1	168	1	1-3,16-18	58	1	0	0	1-2	1	0	0
read_00088	2	168	1	168	225	3	130	1	26	1	1-3,16-18	226	1	0	0	2-3	2	0	0
read_00088	3	130	1	26	251	16	101	45	101	1	1-3,16-18	250	0	104	44	3-16	3	-2	0
read_00088	16	101	45	101	306	17	147	1	147	1	1-3,16-18	307	1	0	0	16-17	4	0	0
read_00088	17	147	1	147	453	18	102	1	96	1	1-3,16-18	454	1	0	0	17-18	5	0	0
read_00089	1	57	1	57	57	2	168	2	168	1	1-3,17-18	59	1	0	1	1-2	1	1	1
read_00089	2	168	2	168	225	3	130	1	89	1	1-3,17-18	226	1	0	0	2-3	2	0	0
read_00089	3	130	1	89	314	17	147	62	147	1	1-3,17-18	312	0	41	61	3-17	3	-3	0
read_00089	17	147	62	147	397	18	102	1	102	1	1-3,17-18	398	1	0	0	17-18	4	0	0
read_00090	1	57	1	57	57	2	168	1	168	1	1-2,16-18	58	1	0	0	1-2	1	0	0
read_00090	2	168	1	168	225	16	101	45	101	1	1-2,16-18	250	0	0	44	2-16	2	24	24
read_00090	16	101	45	101	306	17	147	1	147	1	1-2,16-18	307	1	0	0	16-17	3	0	0
read_00090	17	147	1	147	453	18	102	1	102	1	1-2,16-18	454	1	0	0	17-18	4	0	0
read_00091	1	57	1	54	54	2	168	2	168	3	1-3,17-18	59	1	3	1	1-2	1	4	4
read_00091	2	168	2	168	224	3	130	1	89	3	1-3,17-18	225	1	0	0	2-3	2	0	0
read_00091	3	130	1	89	313	17	147	62	147	3	1-3,17-18	311	0	41	61	3-17	3	-3	0
read_00091	17	147	62	147	396	18	102	1	102	3	1-3,17-18	397	1	0	0	17-18	4	0	0
read_00092	1	57	1	57	57	2	168	2	168	1	1-3,17-18	59	1	0	1	1-2	1	1	1
read_00092	2	168	2	168	225	3	130	1	89	1	1-3,17-18	226	1	0	0	2-3	2	0	0
read_00092	3	130	1	89	314	17	147	62	147	1	1-3,17-18	312	0	41	61	3-17	3	-3	0
read_00092	17	147	62	147	397	18	102	1	102	1	1-3,17-18	398	1	0	0	17-18	4	0	0
read_00093	1	57	1	57	57	2	168	1	79	1	1-2,18	58	1	0	0	1-2	1	0	0
read_00093	2	168	1	79	136	18	102	13	101	1	1-2,18	137	0	89	12	2-18	2	0	0
read_00094	1	57	1	57	57	2	168	2	168	3	1-3,17-18	59	1	0	1	1-2	1	1	1
read_00094	2	168	2	168	225	3	130	1	89	3	1-3,17-18	226	1	0	0	2-3	2	0	0
read_00094	3	130	1	89	314	17	147	62	147	3	1-3,17-18	312	0	41	61	3-17	3	-3	0
read_00094	17	147	62	147	397	18	102	1	93	3	1-3,17-18	398	1	0	0	17-18	4	0	0
read_00095	1	57	1	54	54	2	168	2	168	1	1-3,17-18	59	1	3	1	1-2	1	4	4
read_00095	2	168	2	168	225	3	130	1	89	1	1-3,17-18	226	1	0	0	2-3	2	0	0
read_00095	3	130	1	89	314	17	147	62	147	1	1-3,17-18	312	0	41	61	3-17	3	-3	0
read_00095	17	147	62	147	397	18	102	1	96	1	1-3,17-18	398	1	0	0	17-18	4	0	0
read_00096	1	57	1	57	57	2	168	1	168	1	1-3,16-18	58	1	0	0	1-2	1	0	0
read_00096	2	168	1	168	225	3	130	1	26	1	1-3,16-18	226	1	0	0	2-3	2	0	0
read_00096	3	130	1	26	251	16	101	45	101	1	1-3,16-18	250	0	104	44	3-16	3	-2	0
read_00096	16	101	45	101	306	17	147	1	147	1	1-3,16-18	307	1	0	0	16-17	4	0	0
read_00096	17	147	1	147	453	18	102	1	99	1	1-3,16-18	454	1	0	0	17-18	5	0	0
read_00097	1	57	4	57	54	2	168	2	168	9	1-3,17-18	56	1	0	1	1-2	1	1	1
read_00097	2	168	2	168	222	3	130	1	89	9	1-3,17-18	223	1	0	0	2-3	2	0	0
read_00097	3	130	1	89	311	17	147	62	147	9	1-3,17-18	309	0	41	61	3-17	3	-3	0
read_00097	17	147	62	147	394	18	102	1	102	9	1-3,17-18	395	1	0	0	17-18	4	0	0
read_00098	1	57	1	57	57	2	168	2	168	1	1-3,17-18	59	1	0	1	1-2	1	1	1
read_00098	2	168	2	168	225	3	130	1	89	1	1-3,17-18	226	1	0	0	2-3	2	0	0
read_00098	3	130	1	89	314	17	147	62	147	1	1-3,17-18	312	0	41	61	3-17	3	-3	0
read_00098	17	147	62	147	397	18	102	1	102	1	1-3,17-18	398	1	0	0	17-18	4	0	0
read_00099	1	57	2	54	53	2	168	2	168	1	1-3,17-18	58	1	3	1	1-2	1	4	4
read_00099	2	168	2	168	224	3	130	1	89	1	1-3,17-18	225	1	0	0	2-3	2	0	0
read_00099	3	130	1	89	313	17	147	62	147	1	1-3,17-18	311	0	41	61	3-17	3	-3	0
read_00099	17	147	62	147	396	18	102	1	97	1	1-3,17-18	397	1	0	0	17-18	4	0	0
read_00100	1	57	2	57	56	2	168	1	79	2	1-2,18	57	1	0	0	1-2	1	0	0
read_00100	2	168	1	79	135	18	102	13	102	2	1-2,18	136	0	89	12	2-18	2	0	0
read_00101	1	57	1	57	57	2	168	1	168	1	1-3,16-18	58	1	0	0	1-2	1	0	0
read_00101	2	168	1	168	225	3	130	1	26	1	1-3,16-18	226	1	0	0	2-3	2	0	0
read_00101	3	130	1	26	251	16	101	45	101	1	1-3,16-18	250	0	104	44	3-16	3	-2	0
read_00101	16	101	45	101	306	17	147	1	147	1	1-3,16-18	307	1	0	0	16-17	4	0	0
read_00101	17	147	1	147	454	18	102	1	102	1	1-3,16-18	455	1	0	0	17-18	5	0	0
read_00102	1	57	1	57	57	2	168	2	168	1	1-3,17-18	59	1	0	1	1-2	1	1	1
read_00102	2	168	2	168	225	3	130	1	89	1	1-3,17-18	226	1	0	0	2-3	2	0	0
read_00102	3	130	1	89	314	17	147	62	147	1	1-3,17-18	312	0	41	61	3-17	3	-3	0
read_00102	17	147	62	147	397	18	102	1	102	1	1-3,17-18	398	1	0	0	17-18	4	0	0
read_00103	1	57	1	57	62	2	168	2	168	1	1-3,17-18	64	1	0	1	1-2	1	1	1
read_00103	2	168	2	168	230	3	130	1	89	1	1-3,17-18	231	1	0	0	2-3	2	0	0
read_00103	3	130	1	89	319	17	147	62	147	1	1-3,17-18	317	0	41	61	3-17	3	-3	0
read_00103	17	147	62	147	402	18	102	1	102	1	1-3,17-18	403	1	0	0	17-18	4	0	0
read_00104	1	57	1	57	57	2	168	2	168	1	1-3,17-18	59	1	0	1	1-2	1	1	1
read_00104	2	168	2	168	225	3	130	1	89	1	1-3,17-18	226	1	0	0	2-3	2	0	0
read_00104	3	130	1	89	314	17	147	62	147	1	1-3,17-18	312	0	41	61	3-17	3	-3	0
read_00104	17	147	62	147	397	18	102	1	101	1	1-3,17-18	398	1	0	0	17-18	4	0	0
read_00105	1	57	2	57	57	2	168	1	168	1	1-3,16-18	58	1	0	0	1-2	1	0	0
read_00105	2	168	1	168	225	3	130	1	26	1	1-3,16-18	226	1	0	0	2-3	2	0	0
read_00105	3	130	1	26	251	16	101	45	101	1	1-3,16-18	250	0	104	44	3-16	3	-2	0
read_00105	16	101	45	101	306	17	147	1	147	1	1-3,16-18	307	1	0	0	16-17	4	0	0
read_00105	17	147	1	147	453	18	102	1	102	1	1-3,16-18	454	1	0	0	17-18	5	0	0
read_00106	1	57	1	54	54	2	168	2	168	1	1-3,17-18	59	1	3	1	1-2	1	4	4
read_00106	2	168	2	168	225	3	130	1	89	1	1-3,17-18	226	1	0	0	2-3	2	0	0
read_00106	3	130	1	89	314	17	147	62	147	1	1-3,17-18	312	0	41	61	3-17	3	-3	0
read_00106	17	147	62	147	397	18	102	1	102	1	1-3,17-18	398	1	0	0	17-18	4	0	0
read_00107	1	57	1	57	57	1	57	1	57	1	1,17-18,1-3,17-18	275	0	0	0	1-1	1	217	217
read_00107	1	57	1	57	331	2	168	1	168	1	1,17-18,1-3,17-18	332	1	0	0	1-2	2	0	0
read_00107	2	168	1	168	499	3	130	1	89	1	1,17-18,1-3,17-18	500	1	0	0	2-3	3	0	0
read_00107	3	130	1	89	588	17	147	38	147	1	1,17-18,1-3,17-18	63	0	41	37	3-17	4	-526	0
read_00107	17	147	38	147	172	17	147	62	147	1	1,17-18,1-3,17-18	586	0	0	61	17-17	5	413	413
read_00107	17	147	62	147	671	18	102	1	102	1	1,17-18,1-3,17-18	173	1	0	0	17-18	6	-499	0
read_00107	18	102	1	102	274	18	102	1	102	1	1,17-18,1-3,17-18	672	0	0	0	18-18	7	397	397
read_00108	1	57	1	57	57	2	168	2	168	2	1-3,17-18	59	1	0	1	1-2	1	1	1
read_00108	2	168	2	168	225	3	130	1	89	2	1-3,17-18	226	1	0	0	2-3	2	0	0
read_00108	3	130	1	89	314	17	147	62	147	2	1-3,17-18	312	0	41	61	3-17	3	-3	0
read_00108	17	147	62	147	397	18	102	1	95	2	1-3,17-18	398	1	0	0	17-18	4	0	0
read_00109	1	57	1	57	57	2	168	2	168	2	1-3,17-18	59	1	0	1	1-2	1	1	1
read_00109	2	168	2	168	223	3	130	1	89	2	1-3,17-18	224	1	0	0	2-3	2	0	0
read_00109	3	130	1	89	312	17	147	62	147	2	1-3,17-18	310	0	41	61	3-17	3	-3	0
read_00109	17	147	62	147	395	18	102	1	102	2	1-3,17-18	396	1	0	0	17-18	4	0	0
read_00110	1	57	1	57	57	17	147	38	147	2	1,17-18	63	0	0	37	1-17	1	5	5
read_00110	17	147	38	147	172	18	102	1	96	2	1,17-18	173	1	0	0	17-18	2	0	0
read_00111	1	57	2	57	57	2	168	2	168	1	1-3,17-18	59	1	0	1	1-2	1	1	1
read_00111	2	168	2	168	225	3	130	1	89	1	1-3,17-18	226	1	0	0	2-3	2	0	0
read_00111	3	130	1	89	314	17	147	62	147	1	1-3,17-18	312	0	41	61	3-17	3	-3	0
read_00111	17	147	62	147	397	18	102	1	102	1	1-3,17-18	398	1	0	0	17-18	4	0	0
read_00112	1	57	1	57	58	2	168	1	168	1	1-3,16-18	59	1	0	0	1-2	1	0	0
read_00112	2	168	1	168	226	3	130	1	26	1	1-3,16-18	227	1	0	0	2-3	2	0	0
read_00112	3	130	1	26	252	16	101	45	101	1	1-3,16-18	251	0	104	44	3-16	3	-2	0
read_00112	16	101	45	101	307	17	147	1	147	1	1-3,16-18	308	1	0	0	16-17	4	0	0
read_00112	17	147	1	147	454	18	102	1	102	1	1-3,16-18	455	1	0	0	17-18	5	0	0
read_00113	1	57	1	57	57	2	168	1	168	1	1-3,16-18	58	1	0	0	1-2	1	0	0
read_00113	2	168	1	168	225	3	130	1	26	1	1-3,16-18	226	1	0	0	2-3	2	0	0
read_00113	3	130	1	26	251	16	101	45	101	1	1-3,16-18	250	0	104	44	3-16	3	-2	0
read_00113	16	101	45	101	306	17	147	1	147	1	1-3,16-18	307	1	0	0	16-17	4	0	0
read_00113	17	147	1	147	453	18	102	1	102	1	1-3,16-18	454	1	0	0	17-18	5	0	0
read_00114	1	57	1	57	57	2	168	1	168	1	1-3,16-18	58	1	0	0	1-2	1	0	0
read_00114	2	168	1	168	225	3	130	1	26	1	1-3,16-18	226	1	0	0	2-3	2	0	0
read_00114	3	130	1	26	251	16	101	45	101	1	1-3,16-18	250	0	104	44	3-16	3	-2	0
read_00114	16	101	45	101	306	17	147	1	147	1	1-3,16-18	307	1	0	0	16-17	4	0	0
read_00114	17	147	1	147	453	18	102	1	99	1	1-3,16-18	454	1	0	0	17-18	5	0	0
read_00115	1	57	1	57	57	17	147	38	147	50	1,17-18	63	0	0	37	1-17	1	5	5
read_00115	17	147	38	147	172	18	102	1	102	50	1,17-18	173	1	0	0	17-18	2	0	0
read_00116	1	57	1	57	57	2	168	1	79	2	1-2,18	58	1	0	0	1-2	1	0	0
read_00116	2	168	1	79	136	18	102	13	102	2	1-2,18	137	0	89	12	2-18	2	0	0
read_00117	1	57	1	57	57	2	168	2	168	1	1-3,17-18	59	1	0	1	1-2	1	1	1
read_00117	2	168	2	168	225	3	130	1	89	1	1-3,17-18	226	1	0	0	2-3	2	0	0
read_00117	3	130	1	89	314	17	147	62	147	1	1-3,17-18	312	0	41	61	3-17	3	-3	0
read_00117	17	147	62	147	397	18	102	1	92	1	1-3,17-18	398	1	0	0	17-18	4	0	0
read_00118	1	57	4	57	54	2	168	1	168	6	1-3,16-18	55	1	0	0	1-2	1	0	0
read_00118	2	168	1	168	222	3	130	1	26	6	1-3,16-18	223	1	0	0	2-3	2	0	0
read_00118	3	130	1	26	248	16	101	45	101	6	1-3,16-18	247	0	104	44	3-16	3	-2	0
read_00118	16	101	45	101	303	17	147	1	147	6	1-3,16-18	304	1	0	0	16-17	4	0	0
read_00118	17	147	1	147	450	18	102	1	102	6	1-3,16-18	451	1	0	0	17-18	5	0	0
read_00119	1	57	1	57	57	2	168	2	168	2	1-3,17-18	59	1	0	1	1-2	1	1	1
read_00119	2	168	2	168	225	3	130	1	89	2	1-3,17-18	226	1	0	0	2-3	2	0	0
read_00119	3	130	1	89	314	17	147	62	147	2	1-3,17-18	312	0	41	61	3-17	3	-3	0
read_00119	17	147	62	147	397	18	102	1	98	2	1-3,17-18	398	1	0	0	17-18	4	0	0
read_00120	1	57	1	57	57	2	168	1	168	1	1-3,16-18	58	1	0	0	1-2	1	0	0
read_00120	2	168	1	168	225	3	130	1	26	1	1-3,16-18	226	1	0	0	2-3	2	0	0
read_00120	3	130	1	26	251	16	101	45	101	1	1-3,16-18	250	0	104	44	3-16	3	-2	0
read_00120	16	101	45	101	306	17	147	1	147	1	1-3,16-18	307	1	0	0	16-17	4	0	0
read_00120	17	147	1	147	453	18	102	1	99	1	1-3,16-18	454	1	0	0	17-18	5	0	0
read_00121	1	57	1	57	57	2	168	1	168	1	1-3,16-18	58	1	0	0	1-2	1	0	0
read_00121	2	168	1	168	225	3	130	1	26	1	1-3,16-18	226	1	0	0	2-3	2	0	0
read_00121	3	130	1	26	251	16	101	45	101	1	1-3,16-18	250	0	104	44	3-16	3	-2	0
read_00121	16	101	45	101	306	17	147	1	147	1	1-3,16-18	307	1	0	0	16-17	4	0	0
read_00121	17	147	1	147	455	18	102	1	102	1	1-3,16-18	456	1	0	0	17-18	5	0	0
read_00122	1	57	1	54	54	2	168	2	168	1	1-3,17-18	59	1	3	1	1-2	1	4	4
read_00122	2	168	2	168	225	3	130	1	89	1	1-3,17-18	226	1	0	0	2-3	2	0	0
read_00122	3	130	1	89	314	17	147	62	147	1	1-3,17-18	312	0	41	61	3-17	3	-3	0
read_00122	17	147	62	147	397	18	102	1	102	1	1-3,17-18	398	1	0	0	17-18	4	0	0
read_00123	1	57	1	57	57	2	168	2	168	6	1-3,17-18	59	1	0	1	1-2	1	1	1
read_00123	2	168	2	168	225	3	130	1	89	6	1-3,17-18	226	1	0	0	2-3	2	0	0
read_00123	3	130	1	89	314	17	147	62	147	6	1-3,17-18	312	0	41	61	3-17	3	-3	0
read_00123	17	147	62	147	397	18	102	1	97	6	1-3,17-18	398	1	0	0	17-18	4	0	0
read_00124	1	57	1	54	54	2	168	2	168	33	1-3,17-18	59	1	3	1	1-2	1	4	4
read_00124	2	168	2	168	225	3	130	1	89	33	1-3,17-18	226	1	0	0	2-3	2	0	0
read_00124	3	130	1	89	314	17	147	62	147	33	1-3,17-18	312	0	41	61	3-17	3	-3	0
read_00124	17	147	62	147	397	18	102	1	102	33	1-3,17-18	398	1	0	0	17-18	4	0	0
read_00125	1	57	1	57	57	2	168	1	168	174	1-3,16-18	58	1	0	0	1-2	1	0	0
read_00125	2	168	1	168	225	3	130	1	26	174	1-3,16-18	226	1	0	0	2-3	2	0	0
read_00125	3	130	1	26	251	16	101	45	101	174	1-3,16-18	250	0	104	44	3-16	3	-2	0
read_00125	16	101	45	101	306	17	147	1	147	174	1-3,16-18	307	1	0	0	16-17	4	0	0
read_00125	17	147	1	147	453	18	102	1	102	174	1-3,16-18	454	1	0	0	17-18	5	0	0
read_00126	1	57	1	54	54	2	168	2	168	1	1-3,17-18	59	1	3	1	1-2	1	4	4
read_00126	2	168	2	168	225	3	130	1	89	1	1-3,17-18	226	1	0	0	2-3	2	0	0
read_00126	3	130	1	89	314	17	147	62	147	1	1-3,17-18	312	0	41	61	3-17	3	-3	0
read_00126	17	147	62	147	397	18	102	1	102	1	1-3,17-18	398	1	0	0	17-18	4	0	0
read_00127	1	57	1	57	57	2	168	1	168	1	1-3,16-18	58	1	0	0	1-2	1	0	0
read_00127	2	168	1	168	225	3	130	1	26	1	1-3,16-18	226	1	0	0	2-3	2	0	0
read_00127	3	130	1	26	251	16	101	45	101	1	1-3,16-18	250	0	104	44	3-16	3	-2	0
read_00127	16	101	45	101	306	17	147	1	147	1	1-3,16-18	307	1	0	0	16-17	4	0	0
read_00127	17	147	1	147	453	18	102	1	102	1	1-3,16-18	454	1	0	0	17-18	5	0	0
read_00128	1	57	1	57	57	2	168	2	168	1	1-3,17-18	59	1	0	1	1-2	1	1	1
read_00128	2	168	2	168	225	3	130	1	89	1	1-3,17-18	226	1	0	0	2-3	2	0	0
read_00128	3	130	1	89	314	17	147	62	147	1	1-3,17-18	312	0	41	61	3-17	3	-3	0
read_00128	17	147	62	147	397	18	102	1	102	1	1-3,17-18	398	1	0	0	17-18	4	0	0
read_00129	1	57	1	54	54	2	168	2	168	1	1-3,17-18	59	1	3	1	1-2	1	4	4
read_00129	2	168	2	168	225	3	130	1	89	1	1-3,17-18	226	1	0	0	2-3	2	0	0
read_00129	3	130	1	89	314	17	147	62	147	1	1-3,17-18	312	0	41	61	3-17	3	-3	0
read_00129	17	147	62	147	397	18	102	1	100	1	1-3,17-18	398	1	0	0	17-18	4	0	0
read_00130	1	57	1	57	57	2	168	1	168	1	1-3,16-18	58	1	0	0	1-2	1	0	0
read_00130	2	168	1	168	225	3	130	1	26	1	1-3,16-18	226	1	0	0	2-3	2	0	0
read_00130	3	130	1	26	251	16	101	45	101	1	1-3,16-18	250	0	104	44	3-16	3	-2	0
read_00130	16	101	45	101	306	17	147	1	147	1	1-3,16-18	307	1	0	0	16-17	4	0	0
read_00130	17	147	1	147	453	18	102	1	102	1	1-3,16-18	454	1	0	0	17-18	5	0	0
read_00131	1	57	4	54	51	2	168	2	168	2	1-3,17-18	56	1	3	1	1-2	1	4	4
read_00131	2	168	2	168	222	3	130	1	89	2	1-3,17-18	223	1	0	0	2-3	2	0	0
read_00131	3	130	1	89	311	17	147	62	147	2	1-3,17-18	309	0	41	61	3-17	3	-3	0
read_00131	17	147	62	147	394	18	102	1	99	2	1-3,17-18	395	1	0	0	17-18	4	0	0
read_00132	1	57	1	57	57	2	168	1	79	48	1-2,18	58	1	0	0	1-2	1	0	0
read_00132	2	168	1	79	136	18	102	13	102	48	1-2,18	137	0	89	12	2-18	2	0	0
read_00133	1	57	4	57	54	2	168	2	168	3	1-3,17-18	56	1	0	1	1-2	1	1	1
read_00133	2	168	2	168	222	3	130	1	89	3	1-3,17-18	223	1	0	0	2-3	2	0	0
read_00133	3	130	1	89	311	17	147	62	147	3	1-3,17-18	309	0	41	61	3-17	3	-3	0
read_00133	17	147	62	147	394	18	102	1	99	3	1-3,17-18	395	1	0	0	17-18	4	0	0
read_00134	1	57	1	57	57	17	147	38	147	1	1,17-18	63	0	0	37	1-17	1	5	5
read_00134	17	147	38	147	172	18	102	1	94	1	1,17-18	173	1	0	0	17-18	2	0	0
read_00135	1	57	1	57	57	2	168	1	168	5	1-3,16-18	58	1	0	0	1-2	1	0	0
read_00135	2	168	1	168	225	3	130	1	26	5	1-3,16-18	226	1	0	0	2-3	2	0	0
read_00135	3	130	1	26	251	16	101	45	101	5	1-3,16-18	250	0	104	44	3-16	3	-2	0
read_00135	16	101	45	101	306	17	147	1	147	5	1-3,16-18	307	1	0	0	16-17	4	0	0
read_00135	17	147	1	147	453	18	102	1	97	5	1-3,16-18	454	1	0	0	17-18	5	0	0
read_00136	1	57	1	57	57	17	147	38	147	14	1,17-18	63	0	0	37	1-17	1	5	5
read_00136	17	147	38	147	172	18	102	1	99	14	1,17-18	173	1	0	0	17-18	2	0	0
read_00137	1	57	1	57	57	1	57	1	57	1	1-3,17-18,1-3,17-18	500	0	0	0	1-1	1	442	442
read_00137	1	57	1	57	556	2	168	2	168	1	1-3,17-18,1-3,17-18	59	1	0	1	1-2	2	-498	0
read_00137	2	168	2	168	225	2	168	2	168	1	1-3,17-18,1-3,17-18	558	0	0	1	2-2	3	332	332
read_00137	2	168	2	168	724	3	130	1	89	1	1-3,17-18,1-3,17-18	226	1	0	0	2-3	4	-499	0
read_00137	3	130	1	89	314	3	130	1	89	1	1-3,17-18,1-3,17-18	725	0	41	0	3-3	5	410	410
read_00137	3	130	1	89	813	17	147	62	147	1	1-3,17-18,1-3,17-18	312	0	41	61	3-17	6	-502	0
read_00137	17	147	62	147	397	17	147	62	147	1	1-3,17-18,1-3,17-18	811	0	0	61	17-17	7	413	413
read_00137	17	147	62	147	896	18	102	1	102	1	1-3,17-18,1-3,17-18	398	1	0	0	17-18	8	-499	0
read_00137	18	102	1	102	499	18	102	1	102	1	1-3,17-18,1-3,17-18	897	0	0	0	18-18	9	397	397
read_00138	1	57	1	57	57	2	168	1	168	1	1-2,16-18	58	1	0	0	1-2	1	0	0
read_00138	2	168	1	168	225	16	101	45	101	1	1-2,16-18	250	0	0	44	2-16	2	24	24
read_00138	16	101	45	101	306	17	147	1	147	1	1-2,16-18	307	1	0	0	16-17	3	0	0
read_00138	17	147	1	147	453	18	102	1	102	1	1-2,16-18	454	1	0	0	17-18	4	0	0
read_00139	1	57	1	57	56	2	168	1	168	1	1-3,16-18	57	1	0	0	1-2	1	0	0
read_00139	2	168	1	168	224	3	130	1	26	1	1-3,16-18	225	1	0	0	2-3	2	0	0
read_00139	3	130	1	26	250	16	101	45	101	1	1-3,16-18	249	0	104	44	3-16	3	-2	0
read_00139	16	101	45	101	305	17	147	1	147	1	1-3,16-18	306	1	0	0	16-17	4	0	0
read_00139	17	147	1	147	452	18	102	1	99	1	1-3,16-18	453	1	0	0	17-18	5	0	0
read_00140	1	57	1	57	57	2	168	1	168	1	1-3,17-18	58	1	0	0	1-2	1	0	0
read_00140	2	168	1	168	225	3	130	1	89	1	1-3,17-18	226	1	0	0	2-3	2	0	0
read_00140	3	130	1	89	314	17	147	62	147	1	1-3,17-18	312	0	41	61	3-17	3	-3	0
read_00140	17	147	62	147	397	18	102	1	102	1	1-3,17-18	398	1	0	0	17-18	4	0	0
read_00141	1	57	1	57	57	2	168	2	168	1	1-3,17-18	59	1	0	1	1-2	1	1	1
read_00141	2	168	2	168	225	3	130	1	89	1	1-3,17-18	226	1	0	0	2-3	2	0	0
read_00141	3	130	1	89	315	17	147	62	147	1	1-3,17-18	313	0	41	61	3-17	3	-3	0
read_00141	17	147	62	147	399	18	102	1	98	1	1-3,17-18	400	1	0	0	17-18	4	0	0
read_00142	1	57	1	57	57	2	168	1	168	2	1-3,16-18	58	1	0	0	1-2	1	0	0
read_00142	2	168	1	168	225	3	130	1	26	2	1-3,16-18	226	1	0	0	2-3	2	0	0
read_00142	3	130	1	26	251	16	101	45	101	2	1-3,16-18	250	0	104	44	3-16	3	-2	0
read_00142	16	101	45	101	306	17	147	1	147	2	1-3,16-18	307	1	0	0	16-17	4	0	0
read_00142	17	147	1	147	453	18	102	1	92	2	1-3,16-18	454	1	0	0	17-18	5	0	0
read_00143	1	57	1	57	57	17	147	38	147	1	1,17-18	63	0	0	37	1-17	1	5	5
read_00143	17	147	38	147	172	18	102	1	102	1	1,17-18	173	1	0	0	17-18	2	0	0
read_00144	1	57	1	57	57	2	168	2	168	1	1-3,17-18	59	1	0	1	1-2	1	1	1
read_00144	2	168	2	168	225	3	130	1	89	1	1-3,17-18	226	1	0	0	2-3	2	0	0
read_00144	3	130	1	89	314	17	147	62	147	1	1-3,17-18	312	0	41	61	3-17	3	-3	0
read_00144	17	147	62	147	397	18	102	1	99	1	1-3,17-18	398	1	0	0	17-18	4	0	0
read_00145	1	57	1	57	57	2	168	1	168	1	1-3,17-18	58	1	0	0	1-2	1	0	0
read_00145	2	168	1	168	225	3	130	1	89	1	1-3,17-18	226	1	0	0	2-3	2	0	0
read_00145	3	130	1	89	314	17	147	62	147	1	1-3,17-18	312	0	41	61	3-17	3	-3	0
read_00145	17	147	62	147	397	18	102	1	99	1	1-3,17-18	398	1	0	0	17-18	4	0	0
read_00146	1	57	5	57	53	2	168	1	168	1	1-3,16-18	54	1	0	0	1-2	1	0	0
read_00146	2	168	1	168	221	3	130	1	26	1	1-3,16-18	222	1	0	0	2-3	2	0	0
read_00146	3	130	1	26	247	16	101	45	101	1	1-3,16-18	246	0	104	44	3-16	3	-2	0
read_00146	16	101	45	101	302	17	147	1	147	1	1-3,16-18	303	1	0	0	16-17	4	0	0
read_00146	17	147	1	147	449	18	102	1	97	1	1-3,16-18	450	1	0	0	17-18	5	0	0
read_00147	1	57	2	57	57	2	168	2	168	1	1-3,17-18	59	1	0	1	1-2	1	1	1
read_00147	2	168	2	168	225	3	130	1	89	1	1-3,17-18	226	1	0	0	2-3	2	0	0
read_00147	3	130	1	89	314	17	147	62	147	1	1-3,17-18	312	0	41	61	3-17	3	-3	0
read_00147	17	147	62	147	397	18	102	1	97	1	1-3,17-18	398	1	0	0	17-18	4	0	0
read_00148	1	57	1	57	57	2	168	1	79	1	1-2,18	58	1	0	0	1-2	1	0	0
read_00148	2	168	1	79	136	18	102	13	101	1	1-2,18	137	0	89	12	2-18	2	0	0
read_00149	1	57	3	57	55	2	168	1	168	1	1-3,16-18	56	1	0	0	1-2	1	0	0
read_00149	2	168	1	168	223	3	130	1	26	1	1-3,16-18	224	1	0	0	2-3	2	0	0
read_00149	3	130	1	26	249	16	101	45	101	1	1-3,16-18	248	0	104	44	3-16	3	-2	0
read_00149	16	101	45	101	304	17	147	1	147	1	1-3,16-18	305	1	0	0	16-17	4	0	0
read_00149	17	147	1	147	451	18	102	1	97	1	1-3,16-18	452	1	0	0	17-18	5	0	0
read_00150	1	57	2	57	56	2	168	1	168	1	1-3,16-18	57	1	0	0	1-2	1	0	0
read_00150	2	168	1	168	224	3	130	1	26	1	1-3,16-18	225	1	0	0	2-3	2	0	0
read_00150	3	130	1	26	250	16	101	45	101	1	1-3,16-18	249	0	104	44	3-16	3	-2	0
read_00150	16	101	45	101	305	17	147	1	147	1	1-3,16-18	306	1	0	0	16-17	4	0	0
read_00150	17	147	1	147	452	18	102	1	97	1	1-3,16-18	453	1	0	0	17-18	5	0	0
read_00151	1	57	1	31	31	18	102	1	102	2	1,18	42	0	26	0	1-18	1	10	10
read_00152	1	57	1	54	54	2	168	2	168	5	1-3,17-18	59	1	3	1	1-2	1	4	4
read_00152	2	168	2	168	225	3	130	1	89	5	1-3,17-18	226	1	0	0	2-3	2	0	0
read_00152	3	130	1	89	314	17	147	62	147	5	1-3,17-18	312	0	41	61	3-17	3	-3	0
read_00152	17	147	62	147	397	18	102	1	99	5	1-3,17-18	398	1	0	0	17-18	4	0	0
read_00153	1	57	1	57	57	17	147	38	147	1	1,17-18	63	0	0	37	1-17	1	5	5
read_00153	17	147	38	147	172	18	102	1	102	1	1,17-18	173	1	0	0	17-18	2	0	0
read_00154	1	57	2	57	56	2	168	2	168	7	1-3,17-18	58	1	0	1	1-2	1	1	1
read_00154	2	168	2	168	224	3	130	1	89	7	1-3,17-18	225	1	0	0	2-3	2	0	0
read_00154	3	130	1	89	313	17	147	62	147	7	1-3,17-18	311	0	41	61	3-17	3	-3	0
read_00154	17	147	62	147	396	18	102	1	102	7	1-3,17-18	397	1	0	0	17-18	4	0	0
read_00155	1	57	1	57	57	2	168	2	168	56	1-3,17-18	59	1	0	1	1-2	1	1	1
read_00155	2	168	2	168	225	3	130	1	89	56	1-3,17-18	226	1	0	0	2-3	2	0	0
read_00155	3	130	1	89	314	17	147	62	147	56	1-3,17-18	312	0	41	61	3-17	3	-3	0
read_00155	17	147	62	147	397	18	102	1	99	56	1-3,17-18	398	1	0	0	17-18	4	0	0
read_00156	1	57	3	57	55	17	147	38	147	1	1,17-18	61	0	0	37	1-17	1	5	5
read_00156	17	147	38	147	170	18	102	1	102	1	1,17-18	171	1	0	0	17-18	2	0	0
read_00157	1	57	1	57	57	2	168	1	168	2	1-3,16-18	58	1	0	0	1-2	1	0	0
read_00157	2	168	1	168	225	3	130	1	26	2	1-3,16-18	226	1	0	0	2-3	2	0	0
read_00157	3	130	1	26	251	16	101	45	101	2	1-3,16-18	250	0	104	44	3-16	3	-2	0
read_00157	16	101	45	101	306	17	147	1	147	2	1-3,16-18	307	1	0	0	16-17	4	0	0
read_00157	17	147	1	147	453	18	102	1	102	2	1-3,16-18	454	1	0	0	17-18	5	0	0
read_00158	1	57	1	57	57	2	168	1	168	1	1-3,16-18	58	1	0	0	1-2	1	0	0
read_00158	2	168	1	168	225	3	130	1	26	1	1-3,16-18	226	1	0	0	2-3	2	0	0
read_00158	3	130	1	26	251	16	101	45	101	1	1-3,16-18	250	0	104	44	3-16	3	-2	0
read_00158	16	101	45	101	306	17	147	1	147	1	1-3,16-18	307	1	0	0	16-17	4	0	0
read_00158	17	147	1	147	453	18	102	1	97	1	1-3,16-18	454	1	0	0	17-18	5	0	0
read_00159	1	57	1	57	57	2	168	1	168	1	1-3,16-18	58	1	0	0	1-2	1	0	0
read_00159	2	168	1	168	225	3	130	1	26	1	1-3,16-18	226	1	0	0	2-3	2	0	0
read_00159	3	130	1	26	251	16	101	45	101	1	1-3,16-18	250	0	104	44	3-16	3	-2	0
read_00159	16	101	45	101	306	17	147	1	147	1	1-3,16-18	307	1	0	0	16-17	4	0	0
read_00159	17	147	1	147	453	18	102	1	99	1	1-3,16-18	454	1	0	0	17-18	5	0	0
read_00160	1	57	1	57	57	2	168	1	79	1	1-2,18	58	1	0	0	1-2	1	0	0
read_00160	2	168	1	79	136	18	102	13	99	1	1-2,18	137	0	89	12	2-18	2	0	0
read_00161	1	57	1	57	57	2	168	1	168	1	1-3,16-18	58	1	0	0	1-2	1	0	0
read_00161	2	168	1	168	223	3	130	1	26	1	1-3,16-18	224	1	0	0	2-3	2	0	0
read_00161	3	130	1	26	249	16	101	45	101	1	1-3,16-18	248	0	104	44	3-16	3	-2	0
read_00161	16	101	45	101	304	17	147	1	147	1	1-3,16-18	305	1	0	0	16-17	4	0	0
read_00161	17	147	1	147	451	18	102	1	102	1	1-3,16-18	452	1	0	0	17-18	5	0	0
read_00162	1	57	1	57	57	2	168	1	168	1	1-3,16-18	58	1	0	0	1-2	1	0	0
read_00162	2	168	1	168	225	3	130	1	26	1	1-3,16-18	226	1	0	0	2-3	2	0	0
read_00162	3	130	1	26	251	16	101	45	101	1	1-3,16-18	250	0	104	44	3-16	3	-2	0
read_00162	16	101	45	101	306	17	147	1	147	1	1-3,16-18	307	1	0	0	16-17	4	0	0
read_00162	17	147	1	147	453	18	102	1	102	1	1-3,16-18	454	1	0	0	17-18	5	0	0
read_00163	1	57	3	57	55	2	168	1	168	1	1-3,16-18	56	1	0	0	1-2	1	0	0
read_00163	2	168	1	168	223	3	130	1	26	1	1-3,16-18	224	1	0	0	2-3	2	0	0
read_00163	3	130	1	26	249	16	101	45	101	1	1-3,16-18	248	0	104	44	3-16	3	-2	0
read_00163	16	101	45	101	304	17	147	1	147	1	1-3,16-18	305	1	0	0	16-17	4	0	0
read_00163	17	147	1	147	451	18	102	1	99	1	1-3,16-18	452	1	0	0	17-18	5	0	0
read_00164	1	57	1	57	57	2	168	1	168	1	1-3,16-18	58	1	0	0	1-2	1	0	0
read_00164	2	168	1	168	225	3	130	1	26	1	1-3,16-18	226	1	0	0	2-3	2	0	0
read_00164	3	130	1	26	251	16	101	45	101	1	1-3,16-18	250	0	104	44	3-16	3	-2	0
read_00164	16	101	45	101	306	17	147	1	147	1	1-3,16-18	307	1	0	0	16-17	4	0	0
read_00164	17	147	1	147	453	18	102	1	102	1	1-3,16-18	454	1	0	0	17-18	5	0	0
read_00166	1	57	1	57	57	2	168	2	168	1	1-3,17-18	59	1	0	1	1-2	1	1	1
read_00166	2	168	2	168	225	3	130	1	89	1	1-3,17-18	226	1	0	0	2-3	2	0	0
read_00166	3	130	1	89	314	17	147	62	147	1	1-3,17-18	312	0	41	61	3-17	3	-3	0
read_00166	17	147	62	147	397	18	102	1	102	1	1-3,17-18	398	1	0	0	17-18	4	0	0
read_00167	1	57	1	57	57	2	168	1	168	1	1-3,16-18	58	1	0	0	1-2	1	0	0
read_00167	2	168	1	168	225	3	130	1	26	1	1-3,16-18	226	1	0	0	2-3	2	0	0
read_00167	3	130	1	26	251	16	101	45	94	1	1-3,16-18	250	0	104	44	3-16	3	-2	0
read_00167	16	101	45	94	299	17	147	1	147	1	1-3,16-18	304	1	7	0	16-17	4	4	4
read_00167	17	147	1	147	450	18	102	1	102	1	1-3,16-18	451	1	0	0	17-18	5	0	0
read_00168	1	57	3	57	55	2	168	1	168	3	1-3,16-18	56	1	0	0	1-2	1	0	0
read_00168	2	168	1	168	223	3	130	1	26	3	1-3,16-18	224	1	0	0	2-3	2	0	0
read_00168	3	130	1	26	249	16	101	45	101	3	1-3,16-18	248	0	104	44	3-16	3	-2	0
read_00168	16	101	45	101	304	17	147	1	147	3	1-3,16-18	305	1	0	0	16-17	4	0	0
read_00168	17	147	1	147	451	18	102	1	102	3	1-3,16-18	452	1	0	0	17-18	5	0	0
read_00169	1	57	1	57	57	17	147	38	147	2	1,17-18	63	0	0	37	1-17	1	5	5
read_00169	17	147	38	147	172	18	102	1	102	2	1,17-18	173	1	0	0	17-18	2	0	0
read_00170	1	57	4	57	54	2	168	2	168	1	1-3,17-18	56	1	0	1	1-2	1	1	1
read_00170	2	168	2	168	222	3	130	1	89	1	1-3,17-18	223	1	0	0	2-3	2	0	0
read_00170	3	130	1	89	311	17	147	62	147	1	1-3,17-18	309	0	41	61	3-17	3	-3	0
read_00170	17	147	62	147	394	18	102	1	95	1	1-3,17-18	395	1	0	0	17-18	4	0	0
read_00171	1	57	1	54	54	2	168	2	168	1	1-3,17-18	59	1	3	1	1-2	1	4	4
read_00171	2	168	2	168	225	3	130	1	89	1	1-3,17-18	226	1	0	0	2-3	2	0	0
read_00171	3	130	1	89	314	17	147	62	147	1	1-3,17-18	312	0	41	61	3-17	3	-3	0
read_00171	17	147	62	147	397	18	102	1	102	1	1-3,17-18	398	1	0	0	17-18	4	0	0
read_00172	1	57	1	57	57	2	168	1	168	1	1-3,16-18	58	1	0	0	1-2	1	0	0
read_00172	2	168	1	168	225	3	130	1	26	1	1-3,16-18	226	1	0	0	2-3	2	0	0
read_00172	3	130	1	26	251	16	101	45	101	1	1-3,16-18	250	0	104	44	3-16	3	-2	0
read_00172	16	101	45	101	306	17	147	1	147	1	1-3,16-18	307	1	0	0	16-17	4	0	0
read_00172	17	147	1	147	453	18	102	1	100	1	1-3,16-18	454	1	0	0	17-18	5	0	0
read_00174	1	57	1	57	57	2	168	2	168	6	1-3,17-18	59	1	0	1	1-2	1	1	1
read_00174	2	168	2	168	225	3	130	1	89	6	1-3,17-18	226	1	0	0	2-3	2	0	0
read_00174	3	130	1	89	314	17	147	62	147	6	1-3,17-18	312	0	41	61	3-17	3	-3	0
read_00174	17	147	62	147	397	18	102	1	97	6	1-3,17-18	398	1	0	0	17-18	4	0	0
